4272866038
4272803542
4272771052
4272695620
4272463779
4272437161
4272347282
4272273723
4272146616
4272067547
4271945337
4271866318
4271738797
4271664643
4271531629
4271447840
4271332541
4271257104
4271102328
4271017958
4270907283
4270832362
4270682376
4270605589
4270470067
4270382544
4270257001
4270191459
4269989748
4269799100
4269715946
4269596813
4269515590
4269386746
4269311496
4269185253
4269113544
4268976296
4268902366
4268783608
4268714423
4268569922
4268488496
4268373233
4268305934
4268170404
4268022280
4267879026
4267585327
4267212872
4267175373
4267136011
4267086315
4267001339
4266899221
4266848641
4266772411
4266663111
4266554757
4266501054
4266449727
4266387365
4266320854
4266201411
4266149744
4266095802
4266023577
4265918631
4265780929
4265720482
4265661228
4265591847
4265527079
4265397295
4265341130
4265276815
4265158132
4264974263
4264916149
4264857513
4264783942
4264650664
4264516476
4264443014
4264286855
4264070355
4264004994
4263936115
4263853885
4263746161
4263576028
4263507339
4263438786
4263352987
4263226616
4263082534
4263018432
4262949213
4262843116
4262623960
4262390123
4262168004
4262105720
4262048194
4261980424
4261871219
4261744847
4261677331
4261593346
4261466990
4261304857
4261241911
4261177274
4261101356
4260982369
4260842727
4260784622
4260714860
4260597245
4260451338
4260402237
4260351432
4260294334
4260260406
4260179289
4260093795
4260059109
4260013883
4259942289
4259804033
4259773519
4259739661
4259706443
4259698292
4259663086
4259602733
4259503836
4259496391
4259473840
4259440406
4259386448
4259298366
4259201545
4259171159
4259139396
4259090412
4259004239
4258900419
4258693201
4258564928
4258269905
4257922239
4257886100
4257849862
4257806064
4257756493
4257663833
4257651667
4257563779
4257521554
4257476484
4257412479
4257309184
4257191978
4257145906
4257099526
4257048654
4256992311
4256922324
4256782930
4256734169
4256683140
4256629202
4256563524
4256448496
4256330161
4256280905
4256232221
4256178673
4256120514
4256064014
4255943138
4255879759
4255825962
4255738541
4255597011
4255440869
4255388240
4255333193
4255272218
4255191295
4255037531
4254923894
4254796000
4254568674
4254407120
4254340890
4254274852
4254176985
4254027828
4253867430
4253801513
4253735140
4253668607
4253586682
4253435326
4253312487
4253251984
4253181407
4252982157
4252773241
4252478242
4252323923
4252271820
4252218858
4252158934
4252099235
4252007405
4251884626
4251831797
4251775230
4251701465
4251585453
4251409101
4251356117
4251299581
4251243426
4251172457
4251091417
4250935090
4250884629
4250832492
4250759697
4250646223
4250502881
4250463340
4250420963
4250380272
4250331860
4250283688
4250174921
4250141474
4250106004
4250056179
4249970776
4249851921
4249822614
4249791595
4249759676
4249718757
4249655641
4249565489
4249536593
4249502778
4249450170
4249365994
4249306633
4249283188
4249254957
4249222213
4249206373
